PID,SalePrice
527127150,265867.982607936
527162130,203164.25360920443
527163010,171362.610649547
527182190,282047.0211277256
527216070,442306.50820041366
527358140,225169.44419965448
527402200,156305.25612574487
527402250,151303.83192557652
527425090,74811.64965091897
528181050,272579.5270540613
528218150,191420.31008499718
528240070,191531.42664592544
528250100,165529.0417552456
528358010,277640.3764588372
528382030,261280.13681895394
528445060,261606.2067524588
531367050,224641.06415964762
531369060,199122.64193719023
532351140,162958.5853530117
532354090,151607.5368333641
532376160,131660.74281813166
532479070,204164.10149050227
533212060,162931.85240624042
533221090,166768.85520624477
533238045,269576.12768949574
533244030,226566.49754219814
533352170,184309.2777617853
534152050,219269.5939192773
534152070,214809.4614611685
534202160,147048.75210691657
534251320,175750.88828124723
534276360,107451.70240534932
534425310,145413.5872954729
534427010,173714.41854673956
534431050,245119.83651052733
534431070,172969.26617183632
534479320,147489.823539375
535106190,173718.24445395195
535152250,141506.29339755076
535302080,127852.25177740923
535350030,143803.9779947425
535350040,127287.66023218524
535454070,108465.44316472649
535457090,134755.02445889649
902102100,124658.52646356408
902104060,76640.28112169038
902110090,163142.7509914793
902125080,96323.86098701786
902206040,137937.47343899624
902207140,117408.97276853389
902402010,172955.8508400676
902402250,149604.97192632608
903206120,211518.28700966705
903226160,125629.5333341253
903425110,166633.01760544846
903430080,127160.71971362972
903450110,115120.79368963189
903454060,39695.273550081845
903476030,151915.1302869163
904100140,219429.51868068965
904302260,107572.31447531897
904352190,168102.137954513
905105200,117577.2239741729
905106140,129929.59451945437
905109130,258979.86097524132
905109170,242261.94339306065
905325030,228457.13012645132
905352140,203581.73827581777
905451320,127327.29741120062
905475510,130899.44794452633
906201120,220503.60704187577
906223090,220991.1015782991
906380190,201206.09592810195
906385020,196834.08711848393
906402200,310273.9998276655
907200280,149510.24595465767
907203070,114919.95425743842
907250030,300997.1717238956
907290040,230859.79286732944
907290170,151446.06990054736
907414030,203191.1182749185
908102060,43744.57599903275
908102110,89405.30634234232
908103350,142063.2762267137
908226130,72953.48329431997
909100080,150336.41861806044
909101070,46644.37612763395
909250060,215281.77646314533
909428280,266250.9456186995
909452114,210198.68463394372
909455030,190359.62209550405
911204090,110044.46800122771
911370510,264053.9112329047
914478110,228702.16653190617
916386020,198534.51905997904
916386060,148199.7946594042
916386090,234918.4689387606
923205015,177481.34705186158
923230190,106372.77873691931
527105070,177964.3240180299
527105130,258807.20074197496
527131030,310771.78906660504
527146010,300753.28603092197
527180100,202673.1384037659
527276160,193615.38607189478
527301320,240028.08459369448
527352150,208650.44034343224
527375180,159475.51309882847
527376100,160442.92332320265
527378140,205155.53833025906
527405180,96720.29166931621
527425110,103088.5369158971
527450280,112641.35756220648
527453060,155773.32600446607
527453140,166336.27944006753
527455050,157275.2173264591
527455080,151079.98232959374
527455090,131936.26746339607
527455280,136870.33659639794
528102040,343954.4211917944
528102140,395570.55726514163
528108040,374334.50675584184
528112040,324346.63682759996
528116010,327640.2377287043
528118060,333681.1106747284
528120030,332315.4670028425
528138010,341680.70573986555
528142040,337459.9840040478
528142090,328093.8651678199
528142130,338513.921771975
528168030,321639.5924204742
528174050,243286.70490687207
528174060,255502.4139977834
528218090,190686.64648429785
528220040,177863.72071659958
528228295,240233.65006816614
528235010,193649.87786729407
528240060,188812.94134456242
528250020,200837.09031722086
528250040,175890.93847138993
528275070,218183.25630101384
528280230,216447.48219889746
528290030,170364.54722076334
528290120,190275.8465902509
528290180,175133.4309922442
528292030,257226.99361606705
528292070,226856.36467611635
528294050,171555.3062587968
528344040,332051.98226442357
528365070,313511.53903494566
528431020,255993.79175630395
528435050,272556.3784705187
528439060,226390.56573655803
528441020,235147.80386092688
528441090,370736.6703703119
528456180,215621.94213011043
528456220,205503.92747058047
528458060,204122.1692496678
528458180,236424.80751276496
528477070,246840.52787270685
528480040,255017.30950421773
528480130,215640.25826700512
528482040,255172.8446479469
528490070,203011.74409760043
531363050,142153.87319768636
531375040,174466.95394176964
531375130,158639.55866027737
531376090,227515.9902795154
531379050,217682.0083471473
531385020,199984.6364404968
532353020,115433.23770589606
532354230,97831.55351758387
532377130,123684.44181498105
532478020,323918.88467407785
533213020,203190.87308824452
533213040,161871.42733522673
533236050,220186.78208581306
533252040,293570.5538827269
534127130,193621.43336760838
534127170,201723.8834768334
534128020,218617.29758703738
534129080,224285.73544655525
534152120,181780.18891725416
534175080,230848.70280068336
534177230,220732.18610902087
534200030,109490.05805531732
534226120,116089.89925033462
534251030,183510.31482299409
534252240,175068.08454049614
534275060,118133.58598077687
534275100,97978.82212078435
534276040,116064.79781280545
534400290,160141.9053063952
534451110,95397.77781326354
534475185,179808.91653600681
534476320,120903.1882546584
535126010,199406.62458809084
535154130,153884.13223957125
535175030,202001.5335439054
535175050,155684.37665798253
535178040,120808.95775532632
535179160,120391.76548894565
535301170,144723.0209184844
535303150,128054.43831009351
535325290,99440.86891615817
535354070,121877.84276239906
535375050,142038.8533984901
535381040,174293.60542005068
535383060,17998.988974071544
535403190,164886.54907632995
535450160,72602.31479136553
535453200,121287.8490588454
535475010,156575.87513004956
535476110,139228.23373100456
902105060,122341.69458042289
902106010,137179.13550728495
902109130,100490.84077226889
902134120,93870.06413138975
902135020,89824.30617894133
902201110,121403.37228259924
902300090,101719.3608117169
902301060,97503.40340028991
902327070,170621.4156313128
902329080,132736.36377979495
902330040,199213.40751076213
902401130,171464.1332756129
902402150,106512.04358920865
902405100,163059.39604656567
902406070,143061.32827654103
902477120,47416.4841318887
903201020,147208.00932526402
903202170,140955.00827990798
903226130,87465.8862242962
903230100,130328.91816477143
903231010,133616.41783628726
903236040,143013.83785144877
903400220,180194.27079284453
903427120,165639.2218603636
903475100,128096.68470895782
903476090,117413.62322076186
904100190,90446.07019363609
904301070,165107.54824006397
904301375,9126.76422359981
904351200,128982.77176341927
905200260,130276.91422181134
905200350,141707.7987567085
905325020,225331.51113802116
905451300,125949.76207071892
905452040,160218.05400885252
905475160,126409.10173125769
905478030,150392.3717911787
905480030,114017.26868735801
906201050,174538.04252405444
906223210,234550.19422897504
906226060,146538.19053650845
906226080,156415.4366186507
906226090,140762.5094015577
906226140,130954.9870538376
906340100,298556.72676008905
906378110,240354.14760412884
906380060,278304.9883667781
906380100,282737.22130249644
906380220,232465.64779085745
906392130,174904.29092473243
907126050,133348.63274900833
907131090,207616.41743272322
907131190,221106.43651295637
907135040,139237.70830926904
907135170,128931.48259645159
907185050,194364.9567099438
907192030,195229.30835055784
907194110,213765.98671528813
907196060,206832.79747843323
907202130,151841.04035727883
907227080,111873.74825044352
907227110,118640.43648486782
907252060,248410.31450620166
907252220,244837.83862895635
907265010,213745.53917005274
907275090,214947.87247327727
907285020,233206.41542217
907285050,203876.5068998676
907290070,182730.843543741
907412020,202371.41217592574
907414080,178337.05468529076
908102050,105605.88148825779
908152100,145639.44602602598
908154040,288920.2151849461
908225370,76902.23093548696
908229020,90956.2882787761
908275040,135420.22564709745
908275110,152846.24029114033
909101010,135672.47889170685
909101140,145540.31894533464
909129090,102519.02540167244
909179020,238232.74766958496
909251170,166843.69096754526
909253180,166765.1084970771
909279010,217358.03575985742
909282130,138641.36896555586
909427200,164190.27543597436
909451040,118049.2572909155
909451140,134224.80505240065
909451180,134464.8454431622
909452050,207618.1964334417
910204050,146737.11507988506
911104060,53187.59872348354
914475010,135130.2914768964
914475030,187875.82587557068
914476020,140040.97142495867
916386140,231631.08038054497
916403010,189018.19772915958
916403250,234024.26244812514
916460110,223417.42461036614
916475040,313342.4241666795
923203110,181636.79258409867
923225360,81034.58590353836
923225490,105541.14217016901
923227080,168526.0435034363
923275040,156145.6923934424
923276260,136933.6486013143
923400025,171739.05466303768
526351030,188651.4410752624
526353050,242685.12962456176
526354070,199997.44515910055
527106150,187602.8219855458
527127140,315066.90766212204
527140090,257278.72945791576
527145090,248062.82583800497
527165010,193042.93253544724
527183060,257611.7177193503
527214030,359101.7275957455
527226020,184613.2136053455
527252080,328788.5367450204
527302050,184096.42069960828
527357110,129536.81164838109
527380240,280062.68437145086
527402060,164092.352753263
527450110,110310.0134808351
527450520,111864.9114573611
527451060,109650.32486902105
527451290,104003.53248600409
527451400,90861.96103027114
527451550,110953.07271165616
527452150,156491.2289394875
527455270,91745.67687481942
528104080,381155.59626958624
528110110,394629.2257263109
528118030,386993.04808747437
528142020,288213.1063864584
528166120,382175.5443068096
528178090,361627.78123227146
528186080,328154.1842055333
528228345,224042.42331416384
528228445,223005.73623573795
528235120,183183.26572489835
528240050,206251.20866956905
528280130,198818.7976338863
528326030,298742.9853321715
528363020,321548.8071816054
528363110,356071.7064249731
528387050,281996.38007013424
528431080,209692.17639430883
528431120,265044.8577653025
528458050,201375.0591035211
528462040,207732.55225909845
528478030,245068.96964192876
528478040,239306.84660625682
528490080,188208.83874082824
531363060,153786.4916880454
531373060,200139.3992065096
531375120,165204.23942361574
531376010,178791.11288759828
531382110,184775.94448491844
531382120,215675.07771107001
531450030,199940.5557391467
531450170,181667.4345481661
531452140,175101.5849807734
532351050,103610.83415680869
532353050,124559.15179922772
532376170,103237.17637450204
533206050,211126.611613598
533208080,173373.17551556687
533212050,162470.3306265015
533212140,179579.32682521566
533212150,180232.24912889677
533215020,260221.43839256512
533215070,252222.12597328518
533215080,269013.94583035185
533217050,176372.04791996867
533234020,209060.733795792
533350090,321987.7496506464
534126090,222745.03631782948
534127230,188015.44437797213
534128050,181876.63798478644
534129060,223205.52190787322
534175140,176714.46355176653
534202130,145589.01665748036
534225110,159817.38852298423
534225120,161681.6271052969
534250010,175550.80795120174
534403100,199581.47079718983
534428020,112454.47096445996
534428100,140864.59500628547
534453140,67325.66386930566
534477090,154329.38714300966
535105030,136647.6301096495
535126140,214136.06605027404
535150210,127512.97889065725
535151160,150120.989037066
535179060,182203.54253847667
535302140,117160.3171887444
535305160,85433.50302058458
535327230,123045.51260705665
535375160,103564.57818488669
535402120,165593.60296847942
535451010,98466.83678596327
535451050,111323.24914658724
535451230,85475.5669002796
535453210,139030.81536625908
535455080,119098.53306944796
535455090,109082.34150590745
535456100,106690.377968535
535475020,156985.8699570608
535476370,158100.62093632188
535477090,112484.54033563327
902100030,76640.55515891578
902103150,137138.41791660758
902105010,107857.91030655982
902105020,226069.83541669682
902105130,61228.818171704545
902107030,124878.4554230127
902306120,128941.42696082091
902306130,181406.24237986203
902406020,124626.36488250326
902427150,114516.68751726855
903201030,128857.70484812697
903204095,94755.92364178313
903206070,149752.36253839868
903225160,129154.18009210884
903226060,170916.93163441028
903226150,118319.95620490926
903228040,150065.38902539894
903230110,112185.49461505002
903232030,90052.91639199018
903234090,147470.70172712064
903400180,179713.32296187824
903401020,175115.84404377037
903453050,131789.02807572472
903454100,189241.43179092824
903455030,132820.89443734926
903455140,142538.89244304723
903456130,134168.20485856847
903484020,132987.0319068779
904100160,114927.22217162317
905104080,103137.06695195433
905202230,211458.45717616045
905300020,130826.93736493937
905401045,233563.5817380501
905426030,187198.38323190834
905452120,141934.28425009237
905477050,120412.9644201418
905479110,123153.67813695004
906223140,218529.1121688438
906380030,255089.16605822204
906412010,343336.3812002873
906420130,238387.1677527158
906424010,246659.1023870367
907135260,132316.1945652974
907192130,217129.37013292345
907196050,211142.99772064824
907201060,132488.4856834055
907227300,107690.22907552985
907251090,259433.6135141975
907255020,246379.18008511898
907255060,285973.37839098106
907285080,200986.2451990406
907290150,152635.58763459223
907295020,202832.82743428415
907405020,221959.95471799854
907418010,237896.00740233477
908103280,158210.65273930618
908128050,135784.59559292215
908151040,156201.79704238896
908186040,152212.28752596246
908201120,114175.51286287318
908225170,74019.7736641836
908250040,88979.03337215772
909101180,103270.14531149049
909131170,140087.61840701575
909250230,202807.31851388924
909275050,157564.18645546734
909276170,165467.42965487545
909281110,188359.79921373512
909425085,247316.87718394725
909428190,215400.1067446541
909451150,163773.0200007982
910200080,135628.9689293837
911102090,86374.47273963175
911102170,66226.11692872099
911370490,265731.6964072807
914476010,178989.78958489618
914476450,188680.19955385907
916125425,359549.64034431055
916380060,249738.1319693495
916403230,203237.35996156032
916460060,219403.2048484835
916477020,286884.55962624855
921126030,272052.17248055834
923202005,235226.18625624772
923203140,180728.70230571087
923225080,121897.43710327285
923225370,102833.02731331447
923252100,116976.29156403197
923277040,138280.13240485764
923426010,118670.8658736927
924100020,169394.76691938387
526352080,209763.40368060686
526352090,182484.3216670446
527110120,175665.6808047612
527158090,171121.11543940814
527162090,178928.99988794624
527163080,176907.7806231594
527165100,167532.7415999661
527175130,160279.83458797532
527182170,264859.846824443
527184020,244063.988750229
527210060,352780.06449735584
527226040,200723.68081496394
527252050,320259.89847352164
527252070,293133.50395716965
527301080,193694.62488977963
527302090,227714.99171463551
527325110,207054.26823301855
527328020,149323.55005021035
527359010,190879.8544643813
527359080,215828.21934596242
527402240,187469.53041458316
527404100,101687.76045941189
527425140,94697.16517623293
527450220,104156.56074319134
527451170,140429.61125068707
527455030,167478.27302877587
527455250,114398.44616699932
528102120,307503.32238073327
528104010,383211.6594798132
528106040,379578.1646831291
528108160,299198.6547168184
528110070,335623.13057249604
528110100,397109.85071223084
528112150,301251.3138803052
528118040,385528.06561544375
528120150,316457.05980278814
528144050,330850.76898051397
528150040,337058.3011504851
528168040,316862.7003778947
528172050,284988.7835627973
528172075,294595.61334054347
528174010,245893.1871113956
528181080,271754.690256258
528186050,315712.25150674756
528186090,312881.2153282472
528186120,334899.97676288185
528188160,267522.5959909381
528218020,183761.58709672536
528222060,171042.9297444443
528222090,195134.238478033
528231010,231450.72377526763
528235000,188083.62654965374
528235160,214011.6009499297
528235170,229889.58009367727
528290170,191806.9957529295
528320050,513352.0949608854
528327060,446685.35690993123
528354110,314359.0952563034
528429090,299419.1728134923
528431030,240695.5079828917
528431040,347081.4094243405
528431110,284590.83024786256
528435070,251245.82473366172
528445020,230850.98302876978
528456190,210248.96566505148
528456230,197868.3788850518
528458080,220461.6149953513
528458130,275764.97774827096
528477020,252588.45537046323
528482010,274910.07888033224
528482090,288547.0037017344
531375140,149661.8805672466
531451150,131002.67387076147
532378240,97593.00495993553
532479050,139332.2663928696
533120030,344597.7086729232
533130170,348144.0077391837
533208040,208078.29747493064
533208070,173261.19911636054
533213130,166086.92290922237
533236040,197457.18147451873
533242090,255992.51289786785
533250190,258246.21571596622
533251110,296083.18137581
533251130,195693.5969283671
533254130,183484.9029989234
534104090,222304.91957087003
534125120,156937.0735660317
534178010,132032.16614732606
534201040,129792.3739935389
534202030,136856.39316915305
534252110,133310.8059257093
534275170,148247.053056357
534276180,129383.49324074443
534278170,120773.56361351452
534278190,104878.23048930749
534403290,196237.11218635002
534403420,148685.6990436087
534425080,186165.2590276703
534429030,113296.57592223774
534431020,123654.77849552673
534450090,-36060.900527668695
534453080,113869.30875868013
534475170,179299.82487591714
534478140,153598.30050395956
534479120,126042.00034802227
535101150,174077.67379384075
535105110,164279.0588382493
535106180,129761.72270150058
535151100,111420.8130576559
535151110,136450.68553456533
535152060,124203.59219436641
535177110,177975.27577770659
535181030,177418.50145364567
535181140,142202.67686456622
535302070,133910.4132959023
535327200,126241.74768052893
535353160,118405.22847039261
535354050,129728.534421644
535375130,102239.4116761962
535378080,157143.89897473744
535379110,127304.69696641571
535382150,72953.11302200903
535450220,136897.0046341116
535451040,104835.12810189117
535451110,125443.60130328572
535452060,139843.4760096111
535453080,130631.34092851606
535476360,207105.5247657592
535477130,132577.73675836346
535478040,103595.19063560634
902105110,135089.20961895774
902106070,125641.71131150247
902110010,109592.38747954648
902202070,124776.23129500964
902301030,131784.70291970408
902305010,123042.25729867312
902408080,236241.58127172865
902427040,112523.93998958383
902427180,138642.65621919621
903225040,121685.42434315357
903231180,115068.83181774372
903232100,137761.05655372798
903426010,160839.45676816558
903453080,214493.77711255883
903454010,123186.8675908036
903454090,132575.8774120153
903458060,134372.66961652224
903476100,65526.34522047914
904101070,273643.2788699328
904301110,110823.83813138376
904302010,124613.82390508114
905100080,171850.231524001
905102010,156420.13253150665
905103110,113106.31804481708
905105040,95346.2195277604
905107140,144325.9255853965
905201080,158261.96280968003
905226080,172665.84548539406
905226170,148574.68633014176
905301050,345481.2948941638
905376090,147263.52657010252
905478140,135584.06672012556
905478220,148139.11841265968
905480090,87113.6984903785
906201022,194922.20593976884
906201023,232356.4436716856
906201200,271538.8707180814
906380040,258647.391664903
906380120,201011.96342653903
906380160,207334.96848308566
906394050,190911.42394582406
907125040,138732.82946614348
907125120,115567.36420270539
907135180,100245.27151839464
907180040,196243.47680846188
907187040,214646.79170546276
907192120,219607.14247404868
907192150,199076.9961282269
907202220,110604.57745256028
907203060,111445.73065157916
907260040,214595.7278391688
907275080,228196.16461402486
907290140,150991.85036569493
907295040,241394.9903929074
907410020,183861.0152888326
907414060,203527.34673747982
907420060,192273.03360906182
908102100,165069.53058417523
908127070,156870.52957226388
908152070,158629.58270926488
908152280,159463.0759099429
908154205,562424.5275557236
908225240,80535.60270144767
908225310,111201.15343976449
908226180,39582.447999387026
908250100,84121.24044709755
908275090,115924.09719290677
909252010,147836.8697853092
909252170,134006.57556449168
909275110,172398.17619974754
909276210,125424.7484724923
909281020,115993.53097525431
909428180,181427.17129561305
909455060,189297.16424599037
910201020,94870.09640525817
910201180,159606.04741831613
910205130,121626.76041190067
910206010,33122.85226706805
911128010,117430.7135558558
911370460,263298.9128307617
914452090,195306.30505694376
914452190,143809.38430495642
916384070,249805.453153296
916384150,250942.52209501673
916403040,197739.38662649423
916455010,196122.6651742249
916455150,314267.808342526
916460020,187854.75923276832
917425190,200725.08662601994
921205070,278521.1613998412
923202134,122923.40784496578
923202220,196472.57780624757
923204140,180396.89800766401
923225050,141479.7623805116
923228220,73367.8596978396
923229010,141499.86263455712
923230180,120411.51330764499
923251160,147239.97967178954
526302040,134945.13512774854
527108020,251757.07565244404
527166030,193808.22812389352
527182020,237868.52548675367
527190220,294619.7820363247
527210040,427262.21177252923
527210050,332456.74069599627
527216050,407951.984671329
527252090,328988.42869759974
527254070,314969.421047832
527327080,177955.63914220745
527356020,269381.99903537676
527375160,196858.84722300095
527376110,172410.25418114717
527402210,130360.95566979327
527403120,63538.9226942031
527427210,213719.2604601711
527450080,132769.18677147393
527452290,148383.62223710178
527453070,175135.76756292066
527455100,150630.66592050475
528106010,349353.3302235838
528106120,313722.8422629095
528116030,348218.6853630971
528118010,324890.321200912
528120140,341705.18820912327
528142070,338296.9020033561
528144030,300182.3496831945
528150080,351737.82696712745
528172020,294840.9324152419
528181030,259021.59293221272
528181040,260451.94398331837
528186110,323656.89084612916
528218060,179197.28706143983
528218080,185893.36151896525
528218140,220874.3325088402
528221010,186047.21521697438
528222020,184560.529628832
528228360,219111.26559252143
528228565,224385.39438720682
528231050,173203.32651025683
528240080,245998.92110766767
528275060,183767.9132811249
528275080,197579.91210423177
528280100,199027.95334376048
528290140,194874.39716614975
528294070,222543.92239397764
528315070,314617.4323861114
528320060,461593.801522838
528358030,347238.98704382393
528365090,312853.2509956944
531375070,165857.94996053216
531375100,174767.4534698191
531450040,170375.4617114024
531452100,175450.7218790676
532353180,155055.1853692162
532376180,100456.85018223975
532476050,288872.41669995344
533110130,301197.89012652554
533128030,280510.6524809752
533128090,309770.6186869333
533212100,166655.7144752224
533212110,167067.92282731636
533223080,177041.21266608784
533241010,176426.27628571834
533242030,225013.04850263736
533252020,167510.68610942052
533253090,208016.91518572014
533253160,199896.65004526338
533350050,383263.0441244321
534127190,288710.27526931965
534129230,168053.6485018088
534176250,161480.9152539796
534201280,120784.04995460567
534202180,139922.2192085468
534250300,196118.5421610466
534276230,181209.64213077337
534403280,164217.12433246404
534403440,127817.50508608882
534453150,119392.16861305878
534479240,152836.31195086872
535125060,227126.17032213014
535150240,117931.96138592408
535150300,309432.92995896586
535151130,141621.08578339874
535178100,141219.20398893685
535179050,128925.74849447905
535301150,149137.6149794216
535304020,136371.54886849888
535305120,176512.7086252387
535325460,230398.35954767812
535353180,256458.23573455846
535354130,136966.67639801334
535355100,130986.4839241106
535380130,108789.02214833174
535381060,71742.32838670249
535402100,142161.274971834
535403150,143406.9143645277
535404080,112078.47891807705
535425040,213363.57230422844
535451190,109384.40822332236
535454030,72411.44774309188
535478010,110550.95728774718
902100130,78812.08580327933
902104020,153419.7865689646
902106040,185806.39198416795
902110120,135311.5297121771
902128100,128385.65942573678
902325050,186774.97033508905
902325160,86453.26333836574
902329070,120328.90571372159
902329090,169176.40886330567
902456015,43845.4129080462
903200050,56901.56632195515
903231190,99233.33162308455
903232170,50475.49912816524
903235020,72089.72136721015
903236200,114199.88456245142
903400030,88229.31181590169
903455090,130860.76858180552
904100090,214525.78608753433
905100030,139132.70931642796
905200380,105051.18737360986
905201090,167730.31398528902
905351045,186086.8314889477
905426100,200403.72178790392
905451050,157639.718124874
905452150,130352.36979038193
906204180,217961.4676297487
906223180,219107.64382816546
906225180,249381.83918975972
906380150,195509.68023691452
906392120,268939.8724498313
906394010,213494.69097304074
907125020,126855.04848519
907175030,221549.54219361529
907187010,214122.8028231953
907192010,223957.40948967397
907194130,208647.0240163941
907201160,138710.22256897338
907203010,105471.73509792937
907227090,112247.84866856944
907230240,147580.9538558651
907290080,253312.1374416961
907290260,250264.7477001824
907410100,193818.3249287159
907410110,228272.27102320248
908102320,167161.93989621126
908103320,107921.57972141996
908127050,140021.77143291166
908186090,152231.3410958213
908188120,196606.73559503435
908188130,183719.25765621688
908227040,40698.583504617454
908228040,106579.81715038995
909101050,108488.30123805837
909101190,121727.4085378357
909201180,132772.27759927232
909250200,135093.0921343752
909254070,159023.05827470796
909275250,137281.93683522425
909281010,225817.2690929957
909425120,227553.84954107078
910203230,57546.49073205397
910207110,93598.64923040746
910226060,145776.257844501
913350030,219477.3677986911
914452060,192366.91923653247
914474020,224971.77644969625
914476050,151318.92640695092
914476500,247507.74174419363
916402125,181118.51565206636
916403020,203683.0228752273
916475100,284612.06890722347
916477010,294473.8996894367
923125030,75711.76626885356
923203090,184456.28347252394
923205120,134307.9989901288
923225240,121851.92738583291
923227100,144489.1946939623
923228310,76567.96584149727
923229110,202411.3435578823
923250060,162033.4253192142
924100070,169782.64439195476
