PID,SalePrice
527127150,265867.9669101801
527162130,203164.45164088233
527163010,171362.76996400327
527182190,282047.1259035141
527216070,442307.09257274575
527358140,225169.86106443926
527402200,156305.44863697552
527402250,151303.0012958743
527425090,74811.67280791681
528181050,272579.7262507279
528218150,191420.7099479567
528240070,191531.59775646872
528250100,165529.03366182453
528358010,277640.34348916286
528382030,261280.38454389598
528445060,261606.34639615388
531367050,224641.46472094025
531369060,199123.06433878728
532351140,162959.03931465765
532354090,151607.4183835655
532376160,131660.71032876882
532479070,204163.54400308
533212060,162931.97258878817
533221090,166769.2683264016
533238045,269576.2101463454
533244030,226566.40905114732
533352170,184309.72186282353
534152050,219269.5153027268
534152070,214809.40282041955
534202160,147048.65490176444
534251320,175750.62024923728
534276360,107451.94928697262
534425310,145413.92913545197
534427010,173713.91572667853
534431050,245120.12426448445
534431070,172969.4670561312
534479320,147490.35719973771
535106190,173718.75832851656
535152250,141506.71120619142
535302080,127852.90421037881
535350030,143803.4797749968
535350040,127287.39833106809
535454070,108465.20191141032
535457090,134755.30828049092
902102100,124657.51730073043
902104060,76639.23416946623
902110090,163143.15611277526
902125080,96324.181176665
902206040,137936.47049472606
902207140,117408.02351609207
902402010,172955.61934108374
902402250,149604.05081137846
903206120,211517.95722838005
903226160,125629.69855014449
903425110,166632.45978400085
903430080,127160.0762327121
903450110,115120.93682971623
903454060,39695.56295389387
903476030,151913.82014001007
904100140,219430.11102962293
904302260,107571.92239785683
904352190,168101.55791655197
905105200,117577.00237094446
905106140,129930.37103676364
905109130,258980.34083111884
905109170,242262.01807664824
905325030,228458.45280309522
905352140,203581.42727706544
905451320,127327.56568864845
905475510,130899.06354236552
906201120,220503.5596508181
906223090,220991.10535826505
906380190,201206.15651405556
906385020,196834.41511321193
906402200,310274.39194619475
907200280,149510.70494062116
907203070,114920.08244263344
907250030,300997.13384918025
907290040,230860.029674969
907290170,151446.28918938342
907414030,203191.41626328582
908102060,43744.452530087256
908102110,89405.74382017797
908103350,142063.2558631156
908226130,72953.60231343054
909100080,150335.63676745837
909101070,46643.51493584226
909250060,215281.31208577575
909428280,266250.7375261864
909452114,210198.866751868
909455030,190359.60004134773
911204090,110045.01977445104
911370510,264053.8837213186
914478110,228702.28861872485
916386020,198534.82160820253
916386060,148200.32410648547
916386090,234918.7196313434
923205015,177481.7100074048
923230190,106373.00632273912
527105070,177964.50764532603
527105130,258807.61034495002
527131030,310769.2198741514
527146010,300753.45237119024
527180100,202673.32304005788
527276160,193615.7460886282
527301320,240028.72846738857
527352150,208650.79844517497
527375180,159475.2557057112
527376100,160442.76187306645
527378140,205156.0658682898
527405180,96721.04811473616
527425110,103088.71023053981
527450280,112641.34147088714
527453060,155773.43289755416
527453140,166335.67130146554
527455050,157275.03548707988
527455080,151079.8399513984
527455090,131936.5187538149
527455280,136870.0697032822
528102040,343954.16146492277
528102140,395570.76050540013
528108040,374335.00642643316
528112040,324346.75405411184
528116010,327640.23871257144
528118060,333681.18216587283
528120030,332315.3703217092
528138010,341680.6586067352
528142040,337459.98865672416
528142090,328093.882299394
528142130,338513.7293638666
528168030,321639.87039425893
528174050,243287.12972187862
528174060,255502.6718439442
528218090,190686.8790179374
528220040,177864.0681402293
528228295,240233.74991260914
528235010,193649.84303587445
528240060,188812.6278799589
528250020,200837.09720454554
528250040,175890.69036563727
528275070,218183.7138837319
528280230,216447.79125937223
528290030,170364.80393647336
528290120,190276.1846261983
528290180,175133.37544833575
528292030,257226.96140209903
528292070,226856.54085917532
528294050,171555.57141961917
528344040,332052.17120510124
528365070,313511.81612490903
528431020,255994.05673510543
528435050,272556.33867706935
528439060,226390.71416485068
528441020,235148.35226020883
528441090,370737.03333096596
528456180,215622.09187775585
528456220,205504.23869502032
528458060,204122.51574501977
528458180,236425.0301434217
528477070,246840.5085611165
528480040,255017.56955006273
528480130,215640.5623129704
528482040,255172.87097883693
528490070,203011.9399089707
531363050,142154.5468823835
531375040,174467.1883390603
531375130,158639.69016785146
531376090,227516.2797686931
531379050,217682.1110251986
531385020,199984.68443820547
532353020,115433.06653308174
532354230,97831.74677373051
532377130,123684.17616132938
532478020,323919.69158840424
533213020,203191.22005953727
533213040,161871.7777119554
533236050,220186.82905548153
533252040,293567.38411115925
534127130,193621.62977638302
534127170,201724.42679509436
534128020,218617.7032329048
534129080,224285.63208160782
534152120,181780.01134856453
534175080,230848.64004154177
534177230,220732.52440801353
534200030,109490.4750388885
534226120,116090.33658049694
534251030,183510.16538191057
534252240,175067.98676826656
534275060,118133.62559120703
534275100,97979.45030255425
534276040,116065.12463032814
534400290,160141.2655971794
534451110,95397.27095138493
534475185,179808.42386400382
534476320,120903.71110524614
535126010,199407.39734163333
535154130,153883.8989492021
535175030,202001.22353998243
535175050,155684.41826072746
535178040,120809.10642691072
535179160,120391.84653822525
535301170,144722.47331966698
535303150,128054.82649145457
535325290,99440.81235816315
535354070,121878.3064036526
535375050,142038.04542541076
535381040,174293.13576619787
535383060,17999.391818053115
535403190,164886.57052628757
535450160,72602.62493495425
535453200,121287.88858945486
535475010,156576.20553385423
535476110,139228.87693677784
902105060,122340.86609565861
902106010,137179.23238346912
902109130,100491.29170585988
902134120,93869.98341757499
902135020,89824.6305056522
902201110,121400.17608887608
902300090,101718.06057633487
902301060,97502.25518609784
902327070,170620.99399629154
902329080,132734.88928174484
902330040,199211.86929248518
902401130,171463.71342559508
902402150,106510.13546068806
902405100,163057.79901158475
902406070,143059.82590370803
902477120,47416.38184065032
903201020,147208.15904074078
903202170,140954.69473981517
903226130,87466.1945194232
903230100,130328.37867522506
903231010,133616.60100756286
903236040,143012.65206405357
903400220,180193.53206960866
903427120,165638.629883306
903475100,128095.4858131916
903476090,117411.78553650819
904100190,90446.19467964594
904301070,165107.24494387722
904301375,9126.206556670406
904351200,128982.67505165288
905200260,130277.1439074689
905200350,141707.46799039908
905325020,225332.35354385912
905451300,125949.81254843528
905452040,160218.71091776402
905475160,126409.24163254746
905478030,150391.47215404795
905480030,114017.21180893439
906201050,174538.00221824565
906223210,234550.38940856926
906226060,146536.18978827132
906226080,156415.22309131498
906226090,140763.16447457817
906226140,130955.29770244694
906340100,298556.8614826285
906378110,240354.19088034402
906380060,278305.1646423738
906380100,282737.6553090289
906380220,232465.51528534686
906392130,174904.60326802538
907126050,133349.54773829863
907131090,207616.42742915754
907131190,221106.3596322984
907135040,139238.04919348913
907135170,128931.68474914032
907185050,194365.04697718538
907192030,195229.71327746226
907194110,213766.12611801838
907196060,206832.88857588652
907202130,151841.7970148384
907227080,111873.92533582692
907227110,118640.90602936782
907252060,248410.80028636262
907252220,244837.7730330164
907265010,213746.07436013283
907275090,214947.70367472788
907285020,233206.7724833385
907285050,203876.72179935442
907290070,182731.00173722542
907412020,202371.88394892824
907414080,178337.27469840858
908102050,105604.9841333407
908152100,145639.4685922165
908154040,288920.0492369985
908225370,76902.32995737481
908229020,90956.52754077666
908275040,135420.48851226942
908275110,152846.5811529391
909101010,135671.58381263897
909101140,145540.02868716986
909129090,102518.49483401462
909179020,238231.20393108172
909251170,166842.53951620476
909253180,166764.80664708925
909279010,217358.1598815892
909282130,138641.65132248963
909427200,164190.0858462075
909451040,118049.5508283576
909451140,134225.12231847635
909451180,134465.16190092606
909452050,207618.6317345011
910204050,146736.10390611988
911104060,53187.67811257955
914475010,135130.3996167181
914475030,187876.07275734676
914476020,140041.43130939762
916386140,231631.1906733495
916403010,189018.00278153186
916403250,234023.5190904496
916460110,223418.07038772994
916475040,313342.4350247372
923203110,181636.8844123155
923225360,81034.90845298594
923225490,105541.3935077203
923227080,168525.2424607653
923275040,156146.01037867225
923276260,136933.73523474816
923400025,171739.53908099385
526351030,188651.22066279122
526353050,242685.94454533237
526354070,199997.75627870136
527106150,187602.83175760685
527127140,315067.24601264106
527140090,257278.41197152346
527145090,248062.917569786
527165010,193043.17899002208
527183060,257611.35862716226
527214030,359101.78172349295
527226020,184612.5263000225
527252080,328788.6466910043
527302050,184096.69564187637
527357110,129537.35821667717
527380240,280062.8412384235
527402060,164092.90561392874
527450110,110310.11755122199
527450520,111865.38398743041
527451060,109650.77530024781
527451290,104003.72190682504
527451400,90861.60749997835
527451550,110953.29416905287
527452150,156491.50876379744
527455270,91745.8727838173
528104080,381156.1116821316
528110110,394626.8219097501
528118030,386993.4425324577
528142020,288213.45791897713
528166120,382175.944013177
528178090,361628.44892847526
528186080,328151.79783961683
528228345,224042.22754572253
528228445,223006.1011128323
528235120,183183.31364245145
528240050,206251.56696924043
528280130,198818.93840116242
528326030,298742.9585902594
528363020,321549.67656635406
528363110,356071.9453309604
528387050,281996.56993939175
528431080,209692.56196061033
528431120,265044.9721266644
528458050,201375.37227337467
528462040,207732.90726270102
528478030,245069.39451844318
528478040,239307.26087592027
528490080,188209.4265732338
531363060,153786.8910943584
531373060,200139.82342640974
531375120,165204.485793148
531376010,178791.65544869498
531382110,184776.26274313292
531382120,215674.94806644408
531450030,199940.80734158133
531450170,181667.9054718198
531452140,175101.85676880597
532351050,103610.59505191518
532353050,124559.31138664222
532376170,103237.66171066984
533206050,211126.83726902856
533208080,173373.4250786155
533212050,162470.4528900099
533212140,179579.80054434703
533212150,180232.72414250232
533215020,260221.237092273
533215070,252221.8454267802
533215080,269013.75972290867
533217050,176372.00363695962
533234020,209060.7761831615
533350090,321987.71266289795
534126090,222745.36285455214
534127230,188015.47632792647
534128050,181876.5446504056
534129060,223205.9639592911
534175140,176714.91078073712
534202130,145589.0121383091
534225110,159817.46288538765
534225120,161681.70740997707
534250010,175551.08769197325
534403100,199582.95774750333
534428020,112454.18306645875
534428100,140864.5110140876
534453140,67326.10493616357
534477090,154329.31455910145
535105030,136647.82449559186
535126140,214136.28295951895
535150210,127513.49885908862
535151160,150121.29835448915
535179060,182203.27857931197
535302140,117160.83582077539
535305160,85433.56343723014
535327230,123044.59436962102
535375160,103564.9470784418
535402120,165594.06119981682
535451010,98466.59772174754
535451050,111323.50245091529
535451230,85475.57399416751
535453210,139030.9840746517
535455080,119098.64537002552
535455090,109082.46925174091
535456100,106690.91426011165
535475020,156985.73871340996
535476370,158100.90142063494
535477090,112484.83130622671
902100030,76639.03710934633
902103150,137138.13847137388
902105010,107856.80967504412
902105020,226069.96725608857
902105130,61228.22624262222
902107030,124877.19061820557
902306120,128940.8313514694
902306130,181401.87485520705
902406020,124626.67918034432
902427150,114516.57534524555
903201030,128856.9126042047
903204095,94755.6104618695
903206070,149752.22740520787
903225160,129153.14135640446
903226060,170916.76519918628
903226150,118318.62753068912
903228040,150064.8598542063
903230110,112184.406871812
903232030,90052.97387014612
903234090,147470.1827163354
903400180,179712.40964097637
903401020,175115.3545784826
903453050,131789.49271315458
903454100,189241.30921764887
903455030,132819.86610988653
903455140,142537.94241874383
903456130,134167.41334292578
903484020,132985.895880529
904100160,114927.12042736729
905104080,103137.8060353975
905202230,211458.6922437941
905300020,130827.74539012792
905401045,233566.1030828261
905426030,187198.4024680957
905452120,141934.64580626832
905477050,120411.94466992062
905479110,123154.13793283899
906223140,218529.31295598263
906380030,255089.29922636828
906412010,343336.5962370904
906420130,238387.1223108776
906424010,246658.4203782848
907135260,132316.32591917808
907192130,217129.2757344154
907196050,211143.01753674363
907201060,132489.45187936915
907227300,107691.0421798833
907251090,259433.85028057787
907255020,246379.608960514
907255060,285973.19015139015
907285080,200986.22259608135
907290150,152635.831996839
907295020,202832.77887438503
907405020,221960.09763050484
907418010,237896.58266698403
908103280,158210.4287331105
908128050,135784.57011196422
908151040,156201.69728189232
908186040,152212.6258529686
908201120,114176.10483811508
908225170,74020.39724934884
908250040,88979.25388236128
909101180,103269.16386288233
909131170,140088.25699743858
909250230,202806.73389654537
909275050,157563.22118346026
909276170,165467.02243193507
909281110,188359.5907884975
909425085,247316.88524221675
909428190,215399.74606210052
909451150,163773.08953868123
910200080,135628.11843644088
911102090,86374.5339143943
911102170,66226.06796477459
911370490,265731.72770614794
914476010,178989.68078526124
914476450,188680.44210590972
916125425,359550.2321170256
916380060,249738.06319553356
916403230,203237.11058472554
916460060,219403.5109119972
916477020,286884.71012892073
921126030,272052.30571386905
923202005,235225.77233669508
923203140,180728.78691113114
923225080,121897.92608150218
923225370,102833.2656162359
923252100,116977.1769040311
923277040,138280.6649577827
923426010,118671.38790784676
924100020,169394.34826596902
526352080,209763.79640424356
526352090,182484.2522379277
527110120,175665.88244374952
527158090,171121.37724816008
527162090,178928.88216069687
527163080,176907.83599607053
527165100,167532.72188566186
527175130,160279.73080515457
527182170,264860.0079943171
527184020,244063.77392175884
527210060,352780.06081693346
527226040,200723.37048570893
527252050,320259.95152632485
527252070,293133.83997406054
527301080,193695.19597454128
527302090,227714.90686996776
527325110,207055.82121769723
527328020,149323.41907221448
527359010,190880.28343471434
527359080,215828.8557116057
527402240,187469.9716326195
527404100,101688.05761704604
527425140,94697.64814149747
527450220,104156.76041981972
527451170,140429.80128408413
527455030,167478.86649539543
527455250,114398.76039268721
528102120,307503.5175373731
528104010,383209.23091551184
528106040,379575.723061836
528108160,299199.2693779986
528110070,335623.5180066635
528110100,397110.46051930287
528112150,301251.48953444744
528118040,385526.0039478368
528120150,316457.62322871224
528144050,330851.2114942878
528150040,337058.35964206234
528168040,316863.1860809867
528172050,284988.89571389626
528172075,294595.9068310494
528174010,245893.62436507808
528181080,271754.924646879
528186050,315712.2721117774
528186090,312881.22468030715
528186120,334900.40774644865
528188160,267522.7108473606
528218020,183761.9930285823
528222060,171043.42761749195
528222090,195134.78225324146
528231010,231450.44464953218
528235000,188083.6175208013
528235160,214012.08533697508
528235170,229889.82342969163
528290170,191807.07841942098
528320050,513353.04806369724
528327060,446685.5860235181
528354110,314359.32875467424
528429090,299419.3715684814
528431030,240695.7470391067
528431040,347081.4927257666
528431110,284591.14074936655
528435070,251245.94496147925
528445020,230851.5147449365
528456190,210249.1717665809
528456230,197868.67259912036
528458080,220462.06723575643
528458130,275765.8050294391
528477020,252588.69954342782
528482010,274910.34605907305
528482090,288547.5442435437
531375140,149662.23998818078
531451150,131002.9308045139
532378240,97593.49202008102
532479050,139332.3712891234
533120030,344595.8127700545
533130170,348144.51718674443
533208040,208078.58019867595
533208070,173261.46171691443
533213130,166086.85952622912
533236040,197457.36510748972
533242090,255992.76917125747
533250190,258246.18472714807
533251110,296083.55659880943
533251130,195694.1956746276
533254130,183485.42818210318
534104090,222305.04274590872
534125120,156937.16030265047
534178010,132032.10960379092
534201040,129792.3372774922
534202030,136856.24598255052
534252110,133310.74597302344
534275170,148247.41873715646
534276180,129383.55813610325
534278170,120773.84606261144
534278190,104878.91452919751
534403290,196237.35763369277
534403420,148685.72537903342
534425080,186165.1093131329
534429030,113296.83180357663
534431020,123654.24739516909
534450090,-36060.46206224967
534453080,113869.54795540146
534475170,179299.98100212746
534478140,153601.7104026895
534479120,126041.82325511059
535101150,174077.7047218136
535105110,164278.8709449945
535106180,129762.1780520933
535151100,111421.02944813388
535151110,136451.1325505167
535152060,124203.28351972126
535177110,177975.3778757822
535181030,177417.58973481492
535181140,142202.7820319759
535302070,133910.5965684308
535327200,126241.75502493935
535353160,118403.72071281585
535354050,129728.01003456778
535375130,102239.63442470467
535378080,157143.00908730816
535379110,127303.98566916282
535382150,72952.53131779363
535450220,136896.98884007457
535451040,104835.75998680187
535451110,125443.17600295639
535452060,139843.67129897288
535453080,130631.13265871971
535476360,207105.75744680644
535477130,132577.99257012867
535478040,103594.70786948517
902105110,135087.9500297275
902106070,125641.38069170016
902110010,109591.20187614957
902202070,124775.78574805068
902301030,131784.51306306693
902305010,123041.51321851891
902408080,236240.61297225024
902427040,112523.7412612546
902427180,138642.50858504523
903225040,121684.96943132338
903231180,115069.37704732723
903232100,137760.62748421787
903426010,160838.51872335022
903453080,214494.23896070334
903454010,123185.73495009703
903454090,132575.89758984596
903458060,134371.61812983788
903476100,65526.27307603862
904101070,273643.8304606904
904301110,110824.2043581036
904302010,124614.03626137829
905100080,171849.96502785353
905102010,156419.71224578973
905103110,113106.13413722102
905105040,95346.45047851976
905107140,144325.9005577335
905201080,158261.3586096821
905226080,172665.5486072675
905226170,148574.28421211935
905301050,345480.78190587234
905376090,147262.87086481787
905478140,135584.35221022076
905478220,148139.20305459236
905480090,87113.63439256808
906201022,194921.96289675529
906201023,232356.44707481805
906201200,271539.2483235885
906380040,258647.56159182495
906380120,201011.97774788603
906380160,207335.1563792333
906394050,190911.7593863412
907125040,138733.02371795688
907125120,115567.93290899259
907135180,100245.87036680857
907180040,196243.87918793302
907187040,214646.93313819822
907192120,219607.2978083313
907192150,199077.44851543198
907202220,110604.99935691377
907203060,111445.62930175524
907260040,214595.98826806582
907275080,228196.13507962096
907290140,150992.10681655258
907295040,241394.7851697902
907410020,183861.3792144704
907414060,203527.68591529795
907420060,192273.31769475134
908102100,165070.1816076188
908127070,156870.9297538526
908152070,158629.8249268926
908152280,159463.41468567395
908154205,562425.9455133269
908225240,80535.83507934453
908225310,111201.86267565808
908226180,39581.57256943319
908250100,84121.28610754405
908275090,115923.62246866079
909252010,147837.12052997138
909252170,134007.01612881033
909275110,172396.93330294517
909276210,125423.78147183593
909281020,115993.2726172582
909428180,181426.9995371576
909455060,189297.1276177967
910201020,94870.5095786656
910201180,159605.07262168618
910205130,121627.07245596724
910206010,33122.846520006184
911128010,117430.55471876099
911370460,263298.9344725967
914452090,195306.12788386596
914452190,143809.55687721
916384070,249805.76953698692
916384150,250942.64596676707
916403040,197739.85027138522
916455010,196122.9766976981
916455150,314265.2811768068
916460020,187854.92620102514
917425190,200724.6120585966
921205070,278521.7310022816
923202134,122924.34236933787
923202220,196473.38919348945
923204140,180396.88556749144
923225050,141479.29019299784
923228220,73368.68524480677
923229010,141499.568098193
923230180,120411.98758217803
923251160,147240.68346241672
526302040,134945.15299339435
527108020,251757.38778527288
527166030,193808.35753242287
527182020,237868.53903934426
527190220,294619.6474867511
527210040,427260.24162552285
527210050,332457.25165053067
527216050,407952.39406671753
527252090,328988.54430985637
527254070,314969.32044162037
527327080,177955.43273474567
527356020,269382.0892583224
527375160,196858.75670908863
527376110,172410.0964918572
527402210,130361.13402926161
527403120,63539.16551824849
527427210,213719.41722754278
527450080,132769.46950289694
527452290,148384.11450178927
527453070,175136.13719681863
527455100,150630.53859963914
528106010,349353.7886289231
528106120,313723.09579792584
528116030,348218.6468265284
528118010,324890.63852675154
528120140,341705.3703186513
528142070,338297.1648959253
528144030,300182.70924415067
528150080,351737.8405576129
528172020,294841.1729726556
528181030,259021.92827971865
528181040,260452.27916975258
528186110,323656.98360979336
528218060,179197.65428512488
528218080,185893.74405997933
528218140,220874.65731698208
528221010,186047.65687090842
528222020,184560.90870815417
528228360,219111.26756960162
528228565,224385.8014366713
528231050,173203.78254746294
528240080,245999.12692593978
528275060,183768.19923325343
528275080,197580.35061437343
528280100,199028.16377128704
528290140,194874.48055785178
528294070,222544.42846057928
528315070,314614.8183580648
528320060,461594.3020842688
528358030,347236.9627952006
528365090,312853.3942108291
531375070,165858.38205722068
531375100,174767.6699439065
531450040,170375.91164381977
531452100,175451.00539806858
532353180,155055.2623547374
532376180,100457.37137359376
532476050,288872.4367561097
533110130,301198.2791661721
533128030,280510.7572909317
533128090,309770.25884197874
533212100,166655.96415182692
533212110,167068.1864345259
533223080,177041.22336330145
533241010,176426.58770253236
533242030,225013.0776443003
533252020,167510.66434490215
533253090,208016.58054510638
533253160,199896.39876391436
533350050,383264.7220954109
534127190,288710.44913996087
534129230,168053.53935567263
534176250,161480.8427523715
534201280,120784.0614821824
534202180,139922.92697411028
534250300,196118.83463023757
534276230,181209.04552843177
534403280,164217.395593807
534403440,127817.57696282334
534453150,119391.26627446433
534479240,152836.6002515135
535125060,227126.66501696574
535150240,117932.28218500536
535150300,309428.82997758983
535151130,141621.34718048255
535178100,141219.43283422495
535179050,128925.6338388994
535301150,149137.53450171268
535304020,136370.96610923644
535305120,176513.14066672674
535325460,230398.7679491446
535353180,256457.1455290733
535354130,136966.82605219376
535355100,130986.16261747792
535380130,108787.80550057683
535381060,71741.30465794636
535402100,142161.31542161288
535403150,143406.8158649497
535404080,112078.95983931907
535425040,213363.09750681193
535451190,109385.0614457096
535454030,72411.79510141918
535478010,110550.98826551343
902100130,78812.08008048622
902104020,153418.3221891232
902106040,185805.4520916883
902110120,135311.3211915901
902128100,128385.65967196513
902325050,186774.6637759874
902325160,86452.50943330108
902329070,120328.34529400853
902329090,169175.9749969165
902456015,43845.15926434221
903200050,56901.40002830453
903231190,99233.01644385369
903232170,50476.35162917012
903235020,72089.4082901062
903236200,114199.50942911339
903400030,88228.54981567542
903455090,130860.28327604801
904100090,214526.04074243532
905100030,139132.34508332505
905200380,105051.0095549378
905201090,167729.80764229075
905351045,186087.05688564485
905426100,200403.78938872454
905451050,157636.73257300977
905452150,130352.53908619347
906204180,217961.89422583778
906223180,219107.78138819622
906225180,249382.41661605297
906380150,195509.9959113086
906392120,268939.82542639656
906394010,213495.24729866648
907125020,126855.5432761518
907175030,221549.69888969572
907187010,214122.8245789217
907192010,223957.78090843637
907194130,208647.3116372765
907201160,138710.9677890217
907203010,105472.58732214101
907227090,112248.92496726867
907230240,147581.16604967558
907290080,253312.6399643297
907290260,250265.2129292766
907410100,193818.76926475388
907410110,228272.5507625516
908102320,167161.8431207757
908103320,107921.83987453018
908127050,140021.80968099835
908186090,152231.6871870849
908188120,196607.30948486083
908188130,183719.91352504192
908227040,40696.510073192345
908228040,106579.65195035891
909101050,108488.04316441888
909101190,121727.52901901765
909201180,132772.9201974985
909250200,135093.42314571317
909254070,159022.66030930725
909275250,137281.1713742292
909281010,225817.88288886243
909425120,227554.0203873708
910203230,57546.15204713656
910207110,93599.29543713285
910226060,145776.471551389
913350030,219477.65261756143
914452060,192367.16472033807
914474020,224972.02275799288
914476050,151318.9416104751
914476500,247507.70320547614
916402125,181118.54489660027
916403020,203682.80121875895
916475100,284612.0828927836
916477010,294474.0330626791
923125030,75712.3205852554
923203090,184456.42004585796
923205120,134308.97315340367
923225240,121852.38653193353
923227100,144489.12436756605
923228310,76568.38544946215
923229110,202411.61808150404
923250060,162033.27016488364
924100070,169782.71266791542
